-5.176506564021110535e-02
2.939141355454921722e-02
9.339520335197448730e-02
1.565128937363624573e-02
2.543012239038944244e-02
8.065898716449737549e-02
6.909998506307601929e-02
1.166190356016159058e-01
8.678163588047027588e-02
4.001421108841896057e-02
5.089085921645164490e-02
-8.688582479953765869e-02
1.089369580149650574e-01
2.979331277310848236e-02
-1.494988333433866501e-02
-2.894216049753595144e-05
3.499459475278854370e-03
-6.568941473960876465e-02
2.264821203425526619e-03
2.383884973824024200e-02
5.280826240777969360e-02
1.210390627384185791e-01
-1.659102886915206909e-01
3.734582290053367615e-02
3.421276435256004333e-02
1.100138295441865921e-02
5.479577183723449707e-02
1.871448941528797150e-02
5.766601115465164185e-02
1.575570739805698395e-02
3.870611311867833138e-03
8.008255064487457275e-02
-8.876180648803710938e-02
-1.466390118002891541e-02
2.228090725839138031e-02
1.000173166394233704e-01
1.004145201295614243e-02
-7.685150019824504852e-03
-7.682740688323974609e-03
6.886926479637622833e-03
-9.256234392523765564e-03
5.848696455359458923e-02
2.553709316998720169e-03
7.126245647668838501e-02
2.243732847273349762e-02
1.766427047550678253e-02
6.895717233419418335e-02
1.238188147544860840e-02
1.839901208877563477e-01
-1.386669427156448364e-01
-1.406136341392993927e-02
8.052639663219451904e-03
6.767974793910980225e-02
4.812949895858764648e-02
4.255557432770729065e-02
3.087640181183815002e-02
1.384124532341957092e-02
3.658805042505264282e-02
6.462236493825912476e-02
1.193775385618209839e-01
9.121063351631164551e-02
1.125832349061965942e-01
9.808401018381118774e-02
4.364627972245216370e-02
6.454370915889739990e-02
1.130980104207992554e-01
9.070513397455215454e-02
2.856886573135852814e-02
-6.247026473283767700e-02
-4.177574533969163895e-03
3.557496145367622375e-02
8.808498084545135498e-02
2.600102499127388000e-02
2.198932133615016937e-02
6.005315110087394714e-03
4.744910821318626404e-02
2.739100903272628784e-02
8.821826428174972534e-02
-5.306794121861457825e-02
1.043194532394409180e-01
2.454683743417263031e-02
2.750036865472793579e-02
1.062963679432868958e-01
7.124550640583038330e-02
3.164433687925338745e-02
1.213367059826850891e-01
3.206853568553924561e-02
-3.085357137024402618e-02
5.644674599170684814e-02
-1.820490695536136627e-03
2.071864344179630280e-02
7.857719808816909790e-02
3.342420980334281921e-02
1.134646460413932800e-01
1.077142655849456787e-01
8.682669699192047119e-02
4.015695303678512573e-02
9.062689542770385742e-02
1.510371547192335129e-02
5.452087894082069397e-02
