9.744112193584442139e-02
-7.488596439361572266e-02
1.228192746639251709e-01
-1.489514391869306564e-02
8.645519847050309181e-04
-2.394446730613708496e-02
1.278684753924608231e-02
-5.396516248583793640e-02
-4.851737990975379944e-02
2.059114538133144379e-02
9.490422904491424561e-02
-2.941084653139114380e-02
1.335603650659322739e-02
-1.762666255235671997e-01
-1.128718815743923187e-02
1.121933199465274811e-02
6.794995069503784180e-02
3.499790653586387634e-02
-1.990408636629581451e-02
4.205274954438209534e-02
5.168898962438106537e-03
2.985862083733081818e-02
4.493561387062072754e-02
7.358118146657943726e-02
3.956116363406181335e-02
3.594331070780754089e-02
-3.811460360884666443e-02
-3.707155957818031311e-02
7.781400531530380249e-02
-2.765384875237941742e-02
-1.649966835975646973e-01
8.047686889767646790e-03
-9.463382512331008911e-02
-8.077389746904373169e-02
-4.000369012355804443e-01
-8.252295665442943573e-03
2.143926359713077545e-02
8.523371070623397827e-02
-5.361742377281188965e-01
-3.425920382142066956e-02
-1.473668664693832397e-01
-8.920012414455413818e-02
4.357333760708570480e-03
-6.946447491645812988e-02
-2.050514798611402512e-03
-5.172108486294746399e-02
8.852526545524597168e-02
-8.743662387132644653e-02
-9.936499595642089844e-02
-3.775176405906677246e-02
4.542649537324905396e-02
-6.124714761972427368e-02
1.870401948690414429e-02
-3.743455931544303894e-02
-6.091352552175521851e-02
-2.908078208565711975e-02
-7.138024549931287766e-03
-3.551387041807174683e-02
2.488785982131958008e-01
-2.906121872365474701e-02
-1.748494803905487061e-02
2.185983769595623016e-02
3.259727358818054199e-02
5.956602841615676880e-02
-4.214726388454437256e-03
-2.819513157010078430e-02
-3.134543821215629578e-02
-1.564107686281204224e-01
-2.426205761730670929e-02
-7.788617163896560669e-02
1.090182643383741379e-02
-1.032795011997222900e-01
-9.238702058792114258e-02
-8.515247143805027008e-03
-1.704495549201965332e-01
7.233176380395889282e-03
-8.466470241546630859e-02
2.730341255664825439e-02
-7.948475331068038940e-02
-2.261159941554069519e-02
2.418265677988529205e-02
-1.529139429330825806e-01
4.718264192342758179e-02
9.189253672957420349e-03
3.017084859311580658e-02
-2.616214565932750702e-02
2.033737301826477051e-02
-4.294650629162788391e-02
1.384639833122491837e-02
2.848635017871856689e-01
2.098625749349594116e-01
-3.042389452457427979e-02
-7.328113913536071777e-02
-9.431397169828414917e-02
-1.197193935513496399e-02
-8.216503192670643330e-04
-4.000996053218841553e-02
-1.066830102354288101e-02
-6.988479197025299072e-02
-7.488597184419631958e-02
