3.451406955718994141e-01
-2.171413041651248932e-02
1.275129169225692749e-01
-1.015158593654632568e-01
3.243149816989898682e-01
1.419442612677812576e-02
-5.144643187522888184e-01
3.205335140228271484e-02
3.301137387752532959e-01
1.158671155571937561e-01
1.091260015964508057e-01
1.552706360816955566e-01
3.986161947250366211e-02
-8.237460255622863770e-02
-4.808075353503227234e-02
-9.241506457328796387e-02
9.126200526952743530e-02
-1.221076995134353638e-01
5.825675651431083679e-02
-5.350884795188903809e-01
-1.098562479019165039e-01
9.193827956914901733e-02
2.125491797924041748e-01
9.367703646421432495e-02
-8.083327412605285645e-01
-1.110402941703796387e-01
1.098000723868608475e-02
1.345357447862625122e-01
1.920653283596038818e-01
-7.846700400114059448e-02
-1.236034184694290161e-02
-9.520304203033447266e-02
9.173095226287841797e-02
-2.261788696050643921e-01
2.584062814712524414e-01
-1.216747146099805832e-02
4.588393494486808777e-02
-3.613625764846801758e-01
9.281775914132595062e-03
7.914964109659194946e-02
-1.531869173049926758e-01
8.901635557413101196e-02
-8.702755719423294067e-02
5.097737908363342285e-02
-8.372130803763866425e-03
-1.426081825047731400e-02
5.328053981065750122e-02
2.524921000003814697e-01
-8.030267059803009033e-02
1.173340752720832825e-01
-1.978959292173385620e-01
3.110928088426589966e-02
3.848060593008995056e-02
7.914350368082523346e-03
8.425302803516387939e-02
-2.760115638375282288e-02
-9.872009754180908203e-01
-5.296346172690391541e-02
-1.871975213289260864e-01
1.688269525766372681e-01
7.497137784957885742e-02
-7.964927554130554199e-01
4.741860553622245789e-02
-2.411177605390548706e-01
-3.064836189150810242e-02
-4.599853977560997009e-02
8.154248446226119995e-02
-2.288130521774291992e-01
1.568273007869720459e-01
-2.777349902316927910e-03
-1.040129810571670532e-01
1.432301104068756104e-01
2.474807947874069214e-02
4.822633042931556702e-02
6.101977452635765076e-02
-5.049838870763778687e-02
2.155150920152664185e-01
2.118329107761383057e-01
2.089879959821701050e-01
-6.707055121660232544e-02
-3.006181307137012482e-02
3.707883358001708984e-01
2.579567432403564453e-01
-7.986047863960266113e-02
-3.016577288508415222e-02
3.267413750290870667e-02
-3.980236127972602844e-02
-5.197047442197799683e-02
-1.730388104915618896e-01
-5.040694959461688995e-03
-1.319791227579116821e-01
4.122712090611457825e-02
1.485434919595718384e-01
5.863580480217933655e-02
7.050735503435134888e-02
1.556887757033109665e-02
-5.909133329987525940e-02
-6.295546293258666992e-01
2.566338516771793365e-02
2.141232937574386597e-01
